(0.35 0 0.35)
(0.65 0 0.35)
(0.35 0.8 0.35)
(0.65 0.8 0.35)
(0.35 0 0.65)
(0.65 0 0.65)
(0.35 0.8 0.65)
(0.65 0.8 0.65)
(0 0.5 0)
(1 0.5 0)
(0.5 1.5 0.5)
(0 0.5 1)
(1 0.5 1)
(0.1 1 0.1)
(0.9 1 0.1)
(0.5 2 0.5)
(0.1 1 0.9)
(0.9 1 0.9)
(0.2 1.5 0.2)
(0.8 1.5 0.2)
(0.5 2.5 0.5)
(0.2 1.5 0.8)
(0.8 1.5 0.8)
4 0 0 1 3 2
4 0 1 5 7 3
4 0 5 4 6 7
4 0 4 0 2 6
3 1 8 9 10
3 1 9 12 10
3 1 12 11 10
3 1 11 8 10
3 1 13 14 15
3 1 14 17 15
3 1 17 16 15
3 1 16 13 15
3 1 18 19 20
3 1 19 22 20
3 1 22 21 20
3 1 21 18 20